
NOTE:- Taken row= 5 for showing sample pattern, you need to take input for 
       rows and then print the pattern accordingly.

1. 1 
   1 2 
   1 2 3 
   1 2 3 4
   1 2 3 4 5

2. 1 2 3 4 5
   1 2 3 4
   1 2 3 
   1 2
   1

3.         1
         2 1
       3 2 1
     4 3 2 1
   5 4 3 2 1


4. 1 2 3 4 5
   2 3 4 5
   3 4 5
   4 5
   5

5. 5
   4 5
   3 4 5
   2 3 4 5
   1 2 3 4 5


6. 1
   0 1
   1 0 1
   0 1 0 1
   1 0 1 0 1

7. 1
   0 0
   1 1 1
   0 0 0 0
   1 1 1 1 1

8. 5 5 5 5 5
   4 5 5 5 5
   3 4 5 5 5
   2 3 4 5 5
   1 2 3 4 5

9. 1 1
   1 2 2 1
   1 2 3 3 2 1
   1 2 3 4 4 3 2 1
   1 2 3 4 5 5 4 3 2 1

10. 1
    1 2
    1 2 3
    1 2 3 4
    1 2 3 4 5
    1 2 3 4
    1 2 3
    1 2
    1

11.1 2 3 4 5
   1 2 3 4
   1 2 3
   1 2
   1
   1
   1 2
   1 2 3
   1 2 3 4
   1 2 3 4 5

12. ************* 1 **************

       1
      2 1
     3 2 1
    4 3 2 1
   5 4 3 2 1

   ************* 2 **************

       1
      2 2
     3 3 3
    4 4 4 4
   5 5 5 5 5

13. 5 4 3 2 1 2 3 4 5
      4 3 2 1 2 3 4
        3 2 1 2 3
          2 1 2
            1


14.          1
           2 1 2
         3 2 1 2 3
       4 3 2 1 2 3 4
     5 4 3 2 1 2 3 4 5


15. 9 8 7 6 5 4 3 2 1
      7 6 5 4 3 2 1
        5 4 3 2 1
          3 2 1 
            1

16.         1
          1 2 3
        1 2 3 4 5 
      1 2 3 4 5 6 7 
    1 2 3 4 5 6 7 8 9


17. 
        1 
        0 1 
        1 0 1
        0 1 0 1 
        1 0 1 0 1



